0.9727441668510437
0.9498202204704285
0.9670759439468384
0.9525291919708252
0.9515452980995178
0.951488196849823
0.9470914602279663
0.9647553563117981
0.9528113603591919
0.9409631490707397
0.9613213539123535
0.9687041640281677
0.9624425172805786
0.9891819953918457
0.9254094958305359
0.9483993649482727
0.9228392243385315
0.9748079180717468
0.9805738925933838
0.9511674642562866
0.9208387732505798
0.9631460309028625
0.9271662831306458
0.9606263041496277
0.9343002438545227
0.9318538308143616
0.920532763004303
0.9443618655204773
0.9328612089157104
0.9304502606391907
0.9615928530693054
0.9647096395492554
0.9410179257392883
0.9248101711273193
0.9476741552352905
0.9771506190299988
0.981355607509613
0.9269182085990906
0.968683123588562
0.9379774928092957
0.9633762836456299
0.9615827202796936
0.9549665451049805
0.9377315640449524
0.9320819973945618
0.9344707131385803
0.9247864484786987
0.9640522599220276
0.9192407131195068
0.9241217374801636
0.9504389762878418
0.9274457693099976
0.9395718574523926
0.9370205402374268
0.9010313749313354
0.8941835165023804
0.9092600345611572
0.9647676944732666
0.9525458216667175
0.9513341784477234
0.9318603873252869
0.9626421332359314
0.9652743935585022
0.9690985679626465
0.9491360783576965
0.935049831867218
0.9435908198356628
0.9476712346076965
0.9721096158027649
0.9371325373649597
0.9326289892196655
0.9588767290115356
0.9615954160690308
0.9629652500152588
0.9556279182434082
0.952503502368927
0.9512031078338623
0.9225918650627136
0.9492088556289673
0.9465639591217041
0.9353474378585815
0.9375519752502441
0.9245371222496033
0.933413565158844
0.9403778910636902
0.9434428215026855
0.9090345501899719
0.9096315503120422
0.9395196437835693
0.9832940101623535
0.9683066606521606
0.9255010485649109
0.9338868260383606
0.9407224655151367
0.9441713094711304
0.945976734161377
0.9307534098625183
0.9240875244140625
0.9200484156608582
0.9297995567321777
0.9699771404266357
0.9558696746826172
0.950950562953949
0.9577454328536987
0.933626651763916
0.9503336548805237
0.9730405211448669
0.9623398780822754
0.9424951672554016
0.9210916757583618
0.9391399621963501
0.8948299288749695
0.9262455105781555
0.9588252305984497
0.9455850124359131
0.9747931361198425
0.9204310178756714
0.9603357315063477
0.9430350661277771
0.9256166219711304
0.9365372657775879
0.9661213755607605
0.9615790843963623
0.923625648021698
0.9695234298706055
0.9535964131355286
0.9674368500709534
0.922150731086731
0.9839766621589661
0.9083940982818604
0.9677538871765137
0.9244678616523743
0.9491042494773865
0.9213239550590515
0.9611252546310425
0.9536702632904053
0.8912582993507385
0.9695948958396912
0.9118263721466064
0.931670606136322
0.9179145693778992
0.9136839509010315
0.953154444694519
0.9402086138725281
0.9623255133628845
0.9583023190498352
0.9482994079589844
0.926303505897522
0.9805559515953064
0.9714899659156799
0.9089046120643616
0.9780646562576294
0.9243637919425964
0.935059666633606
0.9788998961448669
0.9677398800849915
0.9212905764579773
0.9250414371490479
0.9158682227134705
0.9406546950340271
0.9526768922805786
0.922961413860321
0.9198572635650635
0.9358839988708496
0.9234809875488281
0.9226022958755493
0.9374964833259583
0.9156033396720886
0.931654691696167
0.9179607629776001
0.9216517210006714
0.9297754168510437
0.9435919523239136
0.9511656761169434
0.9555813074111938
0.9576685428619385
0.9427707195281982
0.9348016381263733
0.9102910161018372
0.9548202753067017
0.9226880073547363
0.9382292032241821
0.951164722442627
0.9425632953643799
0.9721522927284241
0.9769508838653564
0.9734994173049927
0.9338254332542419
0.948517918586731
0.9419946670532227
0.9175837635993958
0.919308602809906
0.9416713714599609
0.9454602599143982
0.9135201573371887
0.9133394956588745
0.9223482608795166
0.9678676724433899
0.9216256141662598
0.9591704607009888
0.9433326721191406
0.9748982191085815
0.9294690489768982
0.9610279202461243
0.920906662940979
0.8836517930030823
0.9216281175613403
0.9152013659477234
0.9818190336227417
0.9561017751693726
0.9575772285461426
0.879071056842804
0.8921724557876587
0.8831966519355774
0.9365938305854797
0.9294416308403015
0.9502208828926086
0.9946157336235046
0.8744256496429443
0.8935898542404175
0.8923779726028442
0.9261868000030518
0.881319522857666
0.8827869296073914
0.9606367945671082
0.9355521202087402
0.9606691598892212
0.9512092471122742
0.9102131128311157
0.9530931711196899
0.9744146466255188
0.8930479884147644
0.9554975032806396
0.9030244946479797
0.9502784609794617
0.943527102470398
0.9037625789642334
0.9643562436103821
0.9118028879165649
0.952164888381958
0.8896144032478333
0.8645643591880798
0.9644346237182617
0.9560559391975403
0.9093834757804871
0.9118502140045166
0.9281123280525208
0.9980628490447998
0.8737379908561707
0.9293532967567444
0.8863028883934021
0.9168354272842407
0.9715268611907959
0.9144623875617981
0.936855673789978
0.9710021018981934
0.9785994291305542
0.8855745792388916
0.8911445736885071
0.9391301870346069
0.9616450071334839
0.8758326172828674
0.9048972725868225
0.8654563426971436
0.9386845827102661
0.9800527691841125
0.9346759915351868
0.956548273563385
0.9756957292556763
0.8582664728164673
0.9730694890022278
0.9534087777137756
0.9129400849342346
0.9570006728172302
0.9558748006820679
0.8813536167144775
0.9757823944091797
0.8710605502128601
0.8560205698013306
0.8652878403663635
0.979198157787323
0.9772410988807678
0.8993307948112488
0.9413183927536011
0.9291377663612366
0.8697503805160522
0.9576062560081482
0.9466637969017029
0.9845090508460999
0.960414469242096
0.975018322467804
0.9697635173797607
0.9537497758865356
0.8718586564064026
0.9900144338607788
0.9127961993217468
0.9240821599960327
0.8982607126235962
0.9576976895332336
0.907490074634552
0.8918216228485107
0.8920524716377258
0.9534066319465637
0.9369233846664429
0.918013870716095
0.9487623572349548
0.913577139377594
0.9207209348678589
0.9707560539245605
0.8832287788391113
0.9197465777397156
0.9722008109092712
0.8807960152626038
0.9540579915046692
0.9469103813171387
0.8746376633644104
0.9793748259544373
0.9681370258331299
0.8764861226081848
0.8746899366378784
0.8811612725257874
0.987836480140686
0.8513800501823425
0.9247789978981018
0.8865014314651489
0.8820937871932983
0.9817692041397095
0.9263504147529602
0.8790515661239624
0.8762918710708618
0.8997278809547424
0.9413554072380066
0.9310097098350525
0.9228420853614807
0.8921076655387878
0.9285372495651245
0.9872695803642273
0.9441482424736023
0.9245791435241699
0.8606191277503967
0.916387140750885
0.8981755971908569
0.8856670260429382
0.9153470396995544
0.9384726881980896
0.9140989780426025
0.9300183057785034
0.961355984210968
0.867907702922821
0.8843183517456055
0.8901807069778442
0.9324716925621033
0.9651470184326172
0.9097450375556946
0.9358659982681274
0.9361680150032043
0.9296992421150208
0.8897879123687744
0.872191309928894
0.8781471252441406
0.8811133503913879
0.9667956233024597
0.9320811629295349
0.8932209014892578
0.9559322595596313
0.9472297430038452
0.8657746315002441
0.8796663284301758
0.8907631635665894
0.914466917514801
0.9624114632606506
0.9175567030906677
0.9743826389312744
0.8608433604240417
0.8698635101318359
0.8606420755386353
0.9514629244804382
0.8797098398208618
0.8802415132522583
0.8704131245613098
0.9165627956390381
0.8808273077011108
0.9423394203186035
0.9323896169662476
0.9508734345436096
0.9358754754066467
0.888814389705658
0.9213544726371765
0.9200175404548645
0.9662070870399475
0.9405920505523682
0.8610152006149292
0.9285067319869995
0.8896587491035461
0.9569828510284424
0.8938798904418945
0.8474518656730652
0.942646324634552
0.881053626537323
0.9750612378120422
0.8712974190711975
0.8452719449996948
0.9805940389633179
0.8759466409683228
0.8982581496238708
0.8987430334091187
0.8984408974647522
0.929022490978241
0.9010439515113831
0.8943489789962769
0.9628543257713318
0.8898366689682007
0.9111893177032471
0.9809964895248413
0.8452510833740234
0.8858408331871033
0.9718754291534424
0.8932378888130188
0.896004855632782
0.9090465903282166
0.8516108989715576
0.8733742833137512
0.8792994022369385
0.8807839155197144
0.9372727274894714
0.8657954931259155
0.9420143961906433
0.9581629633903503
0.8672338724136353
0.9132285714149475
0.9353039860725403
0.853305995464325
0.8997771739959717
0.9147660732269287
0.884548544883728
0.894287109375
0.9835376143455505
0.914828360080719
0.98324054479599
0.997199535369873
0.9609286785125732
0.9494040608406067
0.8934787511825562
0.9101735949516296
0.9385246634483337
0.8641441464424133
0.9679989218711853
0.8751490712165833
0.90196692943573
0.9727431535720825
0.8930382132530212
0.9025586247444153
0.9026546478271484
0.8767570853233337
0.8898921012878418
0.8630796074867249
0.9077418446540833
0.883062481880188
0.9143028259277344
0.9404597282409668
0.8880704641342163
0.9462998509407043
0.8951810002326965
0.888841986656189
0.9709906578063965
0.9074445962905884
0.9459333419799805
0.8905686140060425
0.9030064940452576
0.9952734112739563
0.8780956268310547
0.9549002647399902
0.9694693684577942
0.8506873250007629
0.8826918005943298
0.9555596709251404
0.8635698556900024
0.9210469126701355
0.9135321974754333
0.9244773983955383
0.9077780246734619
0.8818036317825317
0.9689193367958069
0.9675880074501038
0.9214080572128296
0.990553617477417
0.8575229644775391
0.9067199230194092
0.9357468485832214
0.8559032082557678
0.9187036752700806
0.8687658309936523
0.9050338864326477
0.9435088634490967
0.8570631742477417
0.9686432480812073
0.9877895712852478
0.8944500088691711
0.8952518701553345
0.8935397863388062
0.8937435746192932
0.8916197419166565
0.9015350341796875
0.9309510588645935
0.9845728278160095
0.9654739499092102
0.9637812376022339
0.8609566688537598
0.8747536540031433
0.9843429923057556
0.8935971260070801
0.9409642219543457
0.8640397191047668
0.9230574369430542
0.9730172753334045
0.9056523442268372
0.9841658473014832
0.8782914876937866
0.9307056665420532
0.8593438267707825
0.9693260788917542
0.9881477355957031
0.8980916142463684
0.9450221657752991
0.9051847457885742
0.8610918521881104
0.9675912261009216
0.9268629550933838
0.978864848613739
0.9608485102653503
0.8948602676391602
0.9321013689041138
0.928553581237793
0.9325721263885498
0.9016788005828857
0.873757541179657
0.9835479855537415
0.9084380865097046
0.940357506275177
0.965849757194519
0.8985773324966431
0.9197846055030823
0.9024063944816589
0.8862537741661072
0.956420361995697
0.8818007707595825
0.8697677850723267
0.9539783000946045
0.9440459609031677
0.9428918957710266
0.8854648470878601
0.9617912173271179
0.9202618598937988
0.8918511867523193
0.941470205783844
0.8923491835594177
0.9628883600234985
0.8654265999794006
0.8931547999382019
0.8803623914718628
0.9657260179519653
0.8695037364959717
0.8591699600219727
0.8764764070510864
0.9066118001937866
0.8470311760902405
0.9151521325111389
0.865983247756958
0.863863468170166
0.9398623704910278
0.9897621273994446
0.8792492747306824
0.8997762203216553
0.8788017630577087
0.9181005954742432
0.9293551445007324
0.9260956645011902
0.9449644088745117
0.9439821243286133
0.8819391131401062
0.8897669911384583
0.953298032283783
0.8709685802459717
0.8464562296867371
0.8997106552124023
0.859898030757904
0.892947256565094
0.885004460811615
0.9855283498764038
0.8530428409576416
0.8677972555160522
0.9883989095687866
0.9665234088897705
0.8911084532737732
0.9270922541618347
0.8708707094192505
0.9005895853042603
0.915916919708252
0.8580610156059265
0.9087057709693909
0.8954859375953674
0.8875131011009216
0.9800496697425842
0.9281233549118042
0.9019731879234314
0.9678834080696106
0.913682222366333
0.9100245237350464
0.8749053478240967
0.9337921738624573
0.9006332159042358
0.8821473121643066
0.8862958550453186
0.9421789646148682
0.9104648232460022
0.8743630051612854
0.9610015153884888
0.9203056693077087
0.9146738052368164
0.9220178723335266
0.9042213559150696
0.9248954057693481
0.9751672148704529
0.8674675226211548
0.9305394887924194
0.8994178771972656
0.8882712125778198
0.8692248463630676
0.9351171255111694
0.9469058513641357
0.8612836599349976
0.8940520882606506
0.979353666305542
0.9000301361083984
0.891731858253479
0.8907296657562256
0.916461169719696
0.9129555821418762
0.9486415982246399
0.8687954545021057
0.8915451169013977
0.8710941672325134
0.9652308821678162
0.9314841032028198
0.8790779113769531
0.8608579039573669
0.9222338795661926
0.8583003282546997
0.864290177822113
0.900415301322937
0.9080964922904968
0.902228057384491
0.8823981285095215
0.8643479943275452
0.8637741208076477
0.9688341021537781
0.9825778007507324
0.9902187585830688
0.9539433121681213
0.9657856225967407
0.9838266968727112
0.9543355107307434
0.9889758825302124
0.9695338010787964
0.980186939239502
0.9885486364364624
0.9813752770423889
0.9784330725669861
0.992134690284729
0.9786908626556396
0.9328407049179077
0.9534912705421448
0.9590651392936707
0.9853013157844543
0.9514750838279724
0.9738568663597107
0.9532763957977295
0.9690808057785034
0.9469192028045654
0.9640241861343384
0.9672501087188721
0.9522854685783386
0.9739284515380859
0.9400081038475037
0.9502408504486084
0.9474179148674011
0.970292866230011
0.9716585874557495
0.9687333106994629
0.9751492738723755
0.9595380425453186
0.9567675590515137
0.9707334041595459
0.9608067870140076
0.9697830677032471
0.9670816659927368
0.9657149314880371
0.9517142176628113
0.9354522824287415
0.956023633480072
0.9581477642059326
0.9634135365486145
0.9335134625434875
0.936122715473175
0.9453610181808472
0.9672714471817017
0.9433528184890747
0.9306524991989136
0.9519646167755127
0.8857164978981018
0.9706533551216125
0.9529600739479065
0.9591109752655029
0.9191092848777771
0.9650163054466248
0.9349619150161743
0.9715434908866882
0.9336788058280945
0.9460214376449585
0.9491209387779236
0.9520145058631897
0.9240534901618958
0.9474979639053345
0.8832789659500122
0.9022135138511658
0.9700548648834229
0.9407033324241638
0.9313840866088867
0.9404856562614441
0.9384340643882751
0.918434202671051
0.9490100741386414
0.9205176830291748
0.9239419102668762
0.9095193147659302
0.9398902654647827
0.9270687699317932
0.9203214049339294
0.8899527788162231
0.8919594883918762
0.8762574195861816
0.9045134782791138
0.9271091818809509
0.9405511021614075
0.9066411852836609
0.9489375352859497
0.9303263425827026
0.9333993792533875
0.9333860278129578
0.8697460293769836
0.8991539478302002
0.9585386514663696
0.922492265701294
0.9174439907073975
0.8674143552780151
0.9134114980697632
0.902651846408844
0.9177952408790588
0.9071120023727417
0.9033119082450867
0.8970646262168884
0.8947413563728333
0.9118791818618774
0.8623121976852417
0.8788337111473083
0.8620750904083252
0.9174708724021912
0.9096100330352783
0.8905346989631653
0.9920892119407654
0.9864923357963562
0.9747193455696106
0.9646378755569458
0.9798211455345154
0.9747790098190308
0.9707064032554626
0.9820254445075989
0.9929862022399902
0.9709880352020264
0.9668940901756287
0.976580798625946
0.9421643018722534
0.9750394821166992
0.9697635769844055
0.9447671175003052
0.9728938937187195
0.9798557758331299
0.9378072023391724
0.9550268650054932
0.9398053288459778
0.9346163272857666
0.9532607197761536
0.9565843343734741
0.9300055503845215
0.9685774445533752
0.9702867865562439
0.9395542144775391
0.9667697548866272
0.9769785404205322
0.9210478663444519
0.9273460507392883
0.9520245790481567
0.9506271481513977
0.9052600860595703
0.9270802140235901
0.9290959239006042
0.9556296467781067
0.9312546849250793
0.8932597041130066
0.9664269089698792
0.9247087836265564
0.8980541229248047
0.9247448444366455
0.9672555327415466
0.9441277384757996
0.9089106321334839
0.9066097736358643
0.8880107402801514
0.9253264665603638
0.9440096020698547
0.9329407811164856
0.9389745593070984
0.9370735883712769
0.9014960527420044
0.9177636504173279
0.9197994470596313
0.8941184282302856
0.9476295709609985
0.905652642250061
0.9400996565818787
0.9081897139549255
0.8771739602088928
0.9045708775520325
0.9080552458763123
0.8822066783905029
0.889600396156311
0.8909054398536682
0.9273061752319336
0.9328665137290955
0.9637201428413391
0.9043740034103394
0.904302179813385
0.8887921571731567
0.8934207558631897
0.9076228141784668
0.9083629846572876
0.9115061163902283
0.9252684712409973
0.8958325982093811
0.8784034252166748
0.889095664024353
0.930841326713562
0.8969993591308594
0.8800296187400818
0.8588966131210327
0.8472817540168762
0.8967890739440918
0.8343150615692139
0.8431633114814758
0.8980846405029297
0.9169567823410034
0.8853052258491516
0.893596887588501
0.8707303404808044
0.9025289416313171
0.9108353853225708
0.9069957137107849
0.8693812489509583
0.8648219108581543
0.8722451329231262
0.8547671437263489
0.8778842687606812
0.8729302287101746
0.8752215504646301
0.8676589131355286
0.8655874133110046
0.9136425256729126
0.8896213173866272
0.8453564047813416
0.8953137993812561
0.8870235085487366
0.8913677334785461
0.9208074808120728
0.8484516739845276
0.876196026802063
0.8483401536941528
0.8472545742988586
0.8871675729751587
0.9717849493026733
0.9399906396865845
0.8826843500137329
0.883575439453125
0.9464610815048218
0.894713282585144
0.9827694892883301
0.9413907527923584
0.920235276222229
0.8917971849441528
0.9213550090789795
0.9656959176063538
0.9552429914474487
0.9486527442932129
0.9758170247077942
0.9059438705444336
0.9270967841148376
0.9261919260025024
0.8930425643920898
0.9768916964530945
0.9076824188232422
0.9291690587997437
0.939074695110321
0.926784336566925
0.9439690113067627
0.9240318536758423
0.9158025979995728
0.9242085218429565
0.9644889235496521
0.9416020512580872
0.9333941340446472
0.9399458169937134
0.9184563755989075
0.9487239122390747
0.8976700901985168
0.9047175645828247
0.9005612134933472
0.9924167394638062
0.8945363759994507
0.9708134531974792
0.8995051980018616
0.9782342314720154
0.9037564992904663
0.931667685508728
0.965050995349884
0.9195568561553955
0.9791455864906311
0.9820803999900818
0.9427288174629211
0.9022014141082764
0.9149704575538635
0.8955210447311401
0.8606544733047485
0.9290072321891785
0.8827899694442749
0.952301561832428
0.9351454973220825
0.9433138966560364
0.9417914152145386
0.9588024616241455
0.9194074869155884
0.919365644454956
0.9683696031570435
0.9420122504234314
0.9095878601074219
0.9813970327377319
0.8636398315429688
0.9289742112159729
0.9027960896492004
0.9210200309753418
0.9222452044487
0.9399190545082092
0.9624902009963989
0.9363032579421997
0.9037439227104187
0.9503113627433777
0.9607130885124207
0.9314208030700684
0.9193000197410583
0.9396734833717346
0.8840446472167969
0.9505877494812012
0.9461020827293396
0.9631639122962952
0.8878360390663147
0.9237180352210999
0.9058689475059509
0.9014661908149719
0.866533100605011
0.9324909448623657
0.9552929997444153
0.9312955737113953
0.9654021263122559
0.9700483679771423
0.926624059677124
0.899533748626709
0.9250825047492981
0.9514672160148621
0.9342666864395142
0.9380948543548584
0.9660130739212036
0.9339966177940369
0.9360131621360779
0.9131236672401428
0.923842191696167
0.904224157333374
0.9229198694229126
0.9159827828407288
0.9121931195259094
0.9139916896820068
0.974860429763794
0.9033322334289551
0.9468880295753479
0.9501482248306274
0.8872799277305603
0.9228805899620056
0.9352148175239563
0.8881611824035645
0.9459442496299744
0.9453373551368713
0.9004942178726196
0.9468621015548706
0.9435412287712097
0.9525755047798157
0.9135157465934753
0.9468539357185364
0.9511464834213257
0.9321821928024292
0.9571197032928467
0.9540311694145203
0.9240142107009888
0.8632710576057434
0.9650822877883911
0.9850746393203735
0.9131135940551758
0.9287331104278564
0.9188674092292786
0.9499912858009338
0.9556712508201599
0.9659333229064941
0.9115461111068726
0.9186179637908936
0.9485674500465393
0.883266031742096
0.9089937210083008
0.9220632314682007
0.9555281400680542
0.9570162892341614
0.9632797837257385
0.8968321084976196
0.8734870553016663
0.9366171956062317
0.9243667125701904
0.8965045213699341
0.9152429699897766
0.9783857464790344
0.9693866968154907
0.9556516408920288
0.934100329875946
0.8966280221939087
0.9306050539016724
0.9949761629104614
0.9149317145347595
0.9068062901496887
0.9473865032196045
0.8814680576324463
0.8994144201278687
0.9256405234336853
0.9178330898284912
0.8845840096473694
0.9591577053070068
0.9267672300338745
0.9315999746322632
0.8919404149055481
0.9292252063751221
0.929101824760437
0.9008194208145142
0.9535164833068848
0.9685276746749878
0.916617751121521
0.9299905896186829
0.9546148180961609
0.9156830310821533
0.9090399146080017
0.8898186683654785
0.9517149329185486
0.9796735048294067
0.9706267714500427
0.9001456499099731
0.8915256261825562
0.9193081259727478
0.974444568157196
0.9313846230506897
0.9238986372947693
0.9205192923545837
0.9386633634567261
0.940549910068512
0.9031044244766235
0.9279096722602844
0.9403811693191528
0.9641701579093933
0.9698049426078796
0.9100724458694458
0.93468177318573
0.8855202198028564
0.950217068195343
0.939499020576477
0.9497470259666443
0.9665302634239197
0.9307680726051331
0.9013223052024841
0.9574475288391113
0.9479159712791443
0.9710811972618103
0.9604270458221436
0.8972598910331726
0.969720184803009
0.9710420370101929
0.9647177457809448
0.8966851830482483
0.8923715353012085
0.9593120217323303
0.9499452710151672
0.932219922542572
0.9822046756744385
0.9627645015716553
0.9924640655517578
0.9210155010223389
0.9131360054016113
0.9512054920196533
0.9348304271697998
0.928727924823761
0.9703450798988342
0.9642899632453918
0.9140586853027344
0.9221787452697754
0.918150782585144
0.9057949781417847
0.936927080154419
0.9228423833847046
0.9605754613876343
0.9392104148864746
0.8957852721214294
0.9006088376045227
0.9359817504882812
0.9259732961654663
0.9812747240066528
0.9012887477874756
0.9700068831443787
0.9888409376144409
