0.45
0.74
0.65
0.61
0.80
0.80
0.63
0.52
0.62
0.75
0.72
0.65
0.66
0.90
0.63
0.67
0.43
0.80
0.68
0.58
0.57
0.73
0.50
0.55
0.65
0.34
0.49
0.60
0.56
0.44
0.72
0.59
0.59
0.58
0.75
0.88
0.87
0.72
0.60
0.52
0.83
0.71
0.65
0.52
0.45
0.53
0.38
0.69
0.33
0.41
0.59
0.36
0.86
0.57
0.55
0.35
0.32
0.80
0.68
0.65
0.41
0.62
0.58
0.82
0.46
0.43
0.46
0.59
0.78
0.60
0.58
0.73
0.94
0.79
0.46
0.57
0.62
0.67
0.70
0.67
0.71
0.67
0.65
0.54
0.75
0.52
0.22
0.55
0.52
0.74
0.55
0.65
0.64
0.59
0.56
0.48
0.72
0.64
0.45
0.69
0.74
0.71
0.46
0.71
0.64
0.72
0.50
0.75
0.50
0.71
0.54
0.48
0.44
0.67
0.50
0.78
0.71
0.62
0.59
0.39
0.61
0.77
0.69
0.60
0.89
0.80
0.81
0.31
0.89
0.44
0.61
0.41
0.80
0.51
0.82
0.42
0.17
0.66
0.39
0.72
0.59
0.63
0.59
0.45
0.85
0.72
0.38
0.50
0.86
0.88
0.48
0.71
0.50
0.52
0.61
0.83
0.41
0.51
0.57
0.35
0.53
0.42
0.52
0.60
0.55
0.43
0.53
0.42
0.59
0.46
0.68
0.59
0.50
0.55
0.72
0.71
0.53
0.55
0.41
0.79
0.45
0.67
0.67
0.48
0.82
0.89
0.58
0.69
0.52
0.44
0.45
0.65
0.75
0.67
0.53
0.50
0.65
0.69
0.43
0.63
0.47
0.75
0.50
0.55
0.80
0.06
0.78
0.69
0.62
0.83
0.43
0.43
0.32
0.61
0.64
0.42
0.60
0.86
0.10
0.53
0.53
0.69
0.27
0.17
0.84
0.75
0.90
0.57
0.57
0.65
0.93
0.50
0.83
0.50
0.73
0.65
0.62
0.69
0.60
0.71
0.00
0.00
0.89
0.53
0.77
0.61
0.14
1.00
0.31
0.75
0.22
0.43
0.87
0.72
0.50
0.64
0.95
0.36
0.14
0.62
0.87
0.61
0.50
0.13
0.75
0.92
0.63
0.82
0.83
0.10
1.00
0.77
0.38
0.56
0.89
0.20
0.60
0.16
0.29
0.35
0.72
0.76
0.47
0.80
0.75
0.26
0.85
0.65
0.89
0.95
0.67
0.80
0.75
0.25
0.88
0.59
0.70
0.67
0.77
0.67
0.65
0.63
0.82
0.72
0.54
0.54
0.40
0.50
0.81
0.14
0.45
0.77
0.28
0.77
0.59
0.29
0.95
0.64
0.37
0.57
0.16
0.94
0.11
0.89
0.22
0.45
0.67
0.55
0.24
0.28
0.57
0.67
0.50
0.18
0.44
0.88
0.93
0.77
0.62
0.24
0.50
0.41
0.43
0.27
0.80
0.12
0.74
0.81
0.33
0.15
0.55
0.77
0.60
0.70
0.63
0.56
0.77
0.35
0.17
0.06
0.53
0.86
0.75
0.67
0.63
0.75
0.12
0.43
0.46
0.58
0.74
0.59
0.76
0.51
0.20
0.06
0.82
0.48
0.57
0.14
0.42
0.14
0.56
0.62
0.66
0.71
0.20
0.14
0.43
0.60
0.83
0.10
0.66
0.29
0.78
0.46
0.15
0.83
0.31
0.69
0.24
0.36
0.93
0.10
0.47
0.36
0.14
0.69
0.12
0.44
0.85
0.42
0.44
0.95
0.26
0.32
0.85
0.44
0.33
0.59
0.24
0.57
0.11
0.53
0.63
0.16
0.72
0.75
0.10
0.33
0.55
0.10
0.38
0.25
0.29
0.25
0.39
0.42
0.91
0.64
0.50
0.65
0.26
0.30
0.30
0.26
0.73
0.17
0.32
0.72
0.27
0.30
0.23
0.12
0.23
0.15
0.39
0.11
0.29
0.50
0.19
0.40
0.30
0.30
0.71
0.42
0.71
0.21
0.29
0.91
0.25
0.89
0.67
0.24
0.13
0.59
0.06
0.38
0.32
0.77
0.29
0.13
0.94
0.78
0.36
1.00
0.29
0.12
0.42
0.15
0.56
0.26
0.39
0.77
0.20
0.82
0.85
0.30
0.38
0.28
0.38
0.34
0.40
0.47
0.95
0.42
0.70
0.19
0.19
0.93
0.18
0.53
0.24
0.53
0.70
0.47
0.77
0.15
0.31
0.12
0.87
1.00
0.18
0.55
0.48
0.12
0.62
0.33
0.86
0.48
0.45
0.48
0.36
0.50
0.58
0.17
0.65
0.29
0.30
0.93
0.32
0.43
0.19
0.27
0.63
0.24
0.24
0.45
0.27
0.45
0.15
0.78
0.36
0.32
0.43
0.41
0.60
0.29
0.24
0.16
0.64
0.18
0.18
0.21
0.23
0.17
0.26
0.14
0.13
0.44
0.97
0.11
0.22
0.13
0.38
0.53
0.28
0.70
0.56
0.22
0.36
0.67
0.19
0.17
0.30
0.16
0.08
0.22
0.82
0.26
0.15
0.90
0.85
0.25
0.37
0.34
0.06
0.50
0.21
0.33
0.26
0.15
0.82
0.61
0.22
0.67
0.31
0.24
0.20
0.32
0.28
0.21
0.27
0.68
0.13
0.24
0.56
0.47
0.27
0.13
0.21
0.40
0.60
0.25
0.45
0.40
0.39
0.21
0.10
0.78
0.16
0.24
0.75
0.26
0.30
0.40
0.29
0.37
0.62
0.24
0.34
0.21
0.65
0.56
0.29
0.32
0.27
0.25
0.19
0.18
0.31
0.41
0.28
0.18
0.12
0.48
1.00
0.50
0.93
0.74
1.00
0.81
0.90
0.69
0.89
0.88
0.86
0.71
0.93
0.95
0.71
0.67
0.81
0.84
0.73
0.78
0.91
0.33
0.76
0.79
0.87
0.86
0.86
0.76
0.74
0.44
0.50
0.67
0.71
0.94
0.81
0.65
0.80
0.63
0.84
0.74
0.69
0.80
0.37
0.71
0.67
0.81
0.56
0.35
0.62
0.68
0.65
0.57
0.75
0.55
0.50
0.57
0.68
0.41
0.61
0.52
0.85
0.38
0.60
0.54
0.56
0.67
0.67
0.34
0.46
0.98
0.65
0.59
0.65
0.38
0.50
0.48
0.57
0.56
0.47
0.65
0.50
0.57
0.45
0.31
0.40
0.42
0.60
0.71
0.50
0.79
0.51
0.60
0.50
0.39
0.42
0.43
0.46
0.65
0.40
0.45
0.53
0.12
0.51
0.57
0.13
0.33
0.65
0.29
0.38
0.33
0.52
0.49
0.33
0.82
0.67
1.00
0.86
0.80
0.67
0.92
0.81
1.00
0.91
0.87
0.80
0.70
0.67
0.74
0.75
0.73
0.73
0.73
0.59
0.68
0.60
0.83
0.73
0.71
0.78
0.60
0.59
0.64
0.67
0.69
0.58
0.69
0.67
0.57
0.62
0.50
0.80
0.41
0.49
0.59
0.52
0.62
0.48
0.59
0.80
0.43
0.26
0.62
0.40
0.95
0.48
0.62
0.50
0.64
0.51
0.52
0.48
0.44
0.61
0.68
0.56
0.40
0.32
0.40
0.33
0.43
0.46
0.52
0.65
0.67
0.53
0.67
0.42
0.50
0.51
0.52
0.80
0.57
0.57
0.48
0.30
0.52
0.44
0.46
0.29
0.14
0.49
0.39
0.35
0.56
0.51
0.43
0.55
0.31
0.61
0.53
0.53
0.27
0.41
0.36
0.29
0.51
0.55
0.44
0.33
0.36
0.63
0.39
0.40
0.39
0.34
0.31
0.54
0.40
0.43
0.35
0.36
0.48
0.89
0.43
0.21
0.28
0.53
0.43
0.50
0.73
0.62
0.45
0.41
0.89
0.63
0.69
0.80
0.44
0.41
0.50
0.39
0.89
0.38
0.60
0.35
0.42
0.61
0.36
0.11
0.17
0.73
0.87
0.33
0.33
0.58
0.67
0.28
0.36
0.42
0.67
0.25
0.82
0.67
1.00
0.58
0.48
0.50
0.36
0.57
1.00
0.25
0.48
0.48
0.53
0.14
0.40
0.38
0.56
0.50
0.44
0.62
0.88
0.00
0.52
0.79
0.52
0.62
1.00
0.43
0.52
0.46
0.67
0.61
0.52
0.37
0.69
0.67
0.86
0.82
0.78
0.71
0.70
0.31
0.62
0.56
0.76
0.26
0.47
0.63
0.50
0.35
0.67
0.44
0.69
0.43
0.67
0.42
0.39
0.76
0.54
0.50
0.48
0.88
0.67
0.64
0.35
0.62
0.41
0.14
0.62
0.32
0.48
0.90
0.42
0.90
0.86
0.48
0.58
0.56
0.37
0.67
0.62
0.54
0.50
0.61
0.83
0.45
0.54
0.74
0.70
0.76
0.57
0.71
0.34
0.78
1.00
0.43
0.67
0.44
0.60
0.55
0.61
0.38
0.57
0.50
0.37
0.22
0.67
1.00
0.50
0.80
0.24
0.22
0.53
0.42
0.52
0.65
1.00
0.88
0.70
0.00
0.46
0.74
1.00
0.44
0.00
0.75
0.36
0.26
0.56
0.47
0.29
0.86
0.71
0.30
0.38
0.67
0.55
0.19
0.67
1.00
0.38
0.50
0.43
0.55
0.44
0.36
0.67
0.88
0.78
0.39
0.57
0.61
0.88
0.24
0.78
0.62
0.67
0.73
0.52
0.42
0.70
0.60
0.85
0.47
0.17
0.47
0.36
0.40
0.60
0.80
0.24
0.55
0.73
0.64
0.86
0.33
0.36
0.50
0.86
0.67
0.40
0.33
0.64
0.68
0.37
0.75
0.67
0.94
0.26
0.83
0.47
0.29
0.48
0.90
0.83
0.00
0.56
0.61
0.35
0.74
0.43
0.80
0.45
0.61
0.37
0.43
0.17
0.75
0.43
0.78
0.83
