0.8740002
0.79688454
0.90872526
0.3945539
0.39203918
0.89871234
0.78808725
0.81886494
0.46142542
0.1049881
0.7083677
0.8963094
0.8192669
0.9068367
0.69800836
0.71585715
0.68363357
0.6846566
0.7886448
0.8258174
0.6331327
0.86297226
0.59728134
0.81805587
0.6416882
0.66384697
0.6879637
0.4394523
0.5499573
0.77580667
0.8186944
0.92369163
0.5513183
0.114080355
0.38241386
0.57831573
0.4596257
0.051344883
0.908577
0.40328762
0.45081362
0.22363617
0.61889553
0.73351544
0.7366418
0.29060695
0.72950464
0.86638063
0.6832966
0.7053349
0.797089
0.64131355
0.6931211
0.7143191
0.19536394
0.5718428
0.11129303
0.70652074
0.79318833
0.3583439
0.5766643
0.7345475
0.8194648
0.75647557
0.951559
0.8569203
0.77942336
0.46260682
0.8174465
0.5687207
0.602954
0.74045926
0.75470936
0.83813035
0.77850926
0.89420867
0.4781026
0.76597774
0.5170969
0.66894066
0.2843778
0.6916136
0.15178537
0.8710977
0.21205354
0.5946945
0.4954178
0.2896824
0.78042567
0.79947054
0.75707424
0.09981091
0.8140214
0.6712109
0.7949673
0.64667153
0.09851703
0.49227542
0.55799925
0.46617267
0.88979816
0.62247944
0.88375664
0.62848306
0.27501178
0.38220796
0.8689873
0.4241548
0.69053924
0.062236756
0.6259388
0.18200007
0.76000285
0.8456411
0.7610184
0.9270285
0.33497423
0.89756286
0.9641446
0.82139957
0.13392474
0.771781
0.9297658
0.32636106
0.97455347
0.9198048
0.7711173
0.6790987
0.6702796
0.8585559
0.89729786
0.68078965
0.40806067
0.61185193
0.40154067
0.31802905
0.23601313
0.87085533
0.55580765
0.4709586
0.36356747
0.6150296
0.30553353
0.78015524
0.72612333
0.90738213
0.8796618
0.46285278
0.8339302
0.75993836
0.44564763
0.94451547
0.5756564
0.5957118
0.9233412
0.35556558
0.8634033
0.66495246
0.55008185
0.80372196
0.69027317
0.61404145
0.48553464
0.71851635
0.6850082
0.65223336
0.50587046
0.5231793
0.8486252
0.26065138
0.5412595
0.47932082
0.72009516
0.47509944
0.6413479
0.62370694
0.84172815
0.5839189
0.7217402
0.41092986
0.56923276
0.63947594
0.50889444
0.7370792
0.53626496
0.71964455
0.87729317
0.6175379
0.6791655
0.6158657
0.8367225
0.518813
0.282007
0.6032392
0.7522343
0.18566719
0.13238658
0.7220056
0.82235515
0.9478892
0.47688693
0.9351367
0.53905284
0.8772184
0.849398
0.30669302
0.8954641
0.6630289
0.93652904
0.77129245
0.5458746
0.38839102
0.4266647
0.7547678
0.9874458
0.7887282
0.5114912
0.9844615
0.19222665
0.33317345
0.7128248
0.7392585
0.36873227
0.31841567
0.9913088
0.9786672
0.9871037
0.7356691
0.7146015
0.73593605
0.98049426
0.5187166
0.978306
0.70055187
0.9582277
0.6866825
0.6659883
0.9168648
0.7497456
0.9169034
0.39235353
0.23609428
0.93665653
0.9716565
0.8073889
0.3763762
0.3748935
0.9989221
0.6130989
0.8110064
0.57441306
0.8560916
0.9706119
0.33170378
0.49210012
0.78781456
0.9623287
0.70339715
0.19109683
0.92110616
0.949172
0.80505335
0.4877817
0.28273398
0.91627824
0.96211064
0.85347617
0.9239631
0.9799999
0.20855567
0.9850851
0.9672663
0.629317
0.83414775
0.8261633
0.34787494
0.7725618
0.20560978
0.3579856
0.55506015
0.93363667
0.872522
0.51864755
0.8766654
0.90604866
0.44165576
0.9775821
0.9156257
0.9041292
0.96439475
0.9537789
0.92368615
0.8078016
0.5049857
0.9770789
0.6877176
0.7801026
0.48758352
0.97236454
0.6983563
0.48316503
0.76788723
0.9168893
0.8183195
0.5228032
0.9123117
0.5855094
0.82950485
0.9511162
0.34481907
0.8696463
0.79417694
0.3152053
0.7024423
0.96347916
0.55813414
0.9588275
0.9034574
0.6195179
0.4074387
0.20321597
0.98240626
0.059597947
0.9778017
0.3558147
0.38831076
0.9676868
0.9316802
0.5898948
0.15127234
0.63496065
0.5830605
0.4577068
0.5405393
0.52410674
0.8976003
0.9812589
0.90628237
0.8422308
0.264352
0.45711085
0.678463
0.68679786
0.40341216
0.90736413
0.6040787
0.44282663
0.92908907
0.7061413
0.35193387
0.7706002
0.84989154
0.9446342
0.27331838
0.9254192
0.94029284
0.7468726
0.76007646
0.11063418
0.14867592
0.5382812
0.9559688
0.84898794
0.91673553
0.9058557
0.747437
0.33003694
0.38927066
0.2902704
0.8987197
0.800408
0.71171165
0.95501775
0.38833076
0.24543555
0.21238226
0.9237856
0.74768806
0.73021287
0.08971639
0.53829384
0.11957854
0.91795594
0.81946796
0.9627747
0.9593673
0.4411485
0.7842022
0.7394964
0.94270825
0.8537947
0.33523852
0.8437088
0.6526309
0.95481515
0.5529368
0.104185835
0.78769803
0.38509545
0.9558492
0.25199234
0.5821866
0.9893317
0.26397502
0.7445589
0.38493672
0.36675847
0.7753322
0.27764365
0.6505655
0.9281597
0.7238442
0.6975246
0.9834723
0.23614578
0.5302898
0.9514512
0.6365464
0.60772896
0.6609343
0.38336897
0.5840453
0.21327947
0.56920874
0.7081865
0.29871285
0.9112917
0.9298642
0.013313536
0.6557751
0.6693666
0.16313305
0.58464265
0.76483834
0.6423688
0.525198
0.98652726
0.69479644
0.9870452
0.99727774
0.8451389
0.76582164
0.61170214
0.77190876
0.85051715
0.32599375
0.91982657
0.16474454
0.72805846
0.9449034
0.55738366
0.49761012
0.685226
0.09230941
0.6082195
0.064554185
0.6511979
0.43269092
0.61345243
0.9368929
0.28791448
0.9239767
0.52786493
0.55986416
0.9205301
0.59718347
0.9251833
0.45914567
0.48919868
0.93949044
0.58550155
0.74325126
0.90183794
0.14982471
0.50453657
0.81943303
0.12635902
0.58665264
0.73935616
0.68313277
0.7871957
0.31727156
0.9700018
0.9482943
0.703569
0.8536489
0.25453433
0.72129786
0.8290546
0.34923154
0.7049814
0.29203892
0.63288665
0.7598212
-0.09592158
0.95678186
0.99307287
0.44607913
0.60565656
0.66039324
0.71727884
0.59373605
0.6328159
0.838901
0.9966332
0.9174439
0.8519614
0.12244381
0.22483358
0.85850465
0.46919936
0.83540034
0.52350146
0.5790515
0.97481906
0.8073771
0.98345715
0.25894266
0.7640406
0.08816977
0.9672183
0.9908794
0.7172321
0.8035831
0.7009391
0.21137658
0.8289001
0.8017816
0.8574177
0.92473006
0.7398456
0.77681804
0.7735837
0.9017471
0.7786733
0.4615129
0.9887874
0.71819705
0.8280293
0.95524603
0.8087235
0.6797197
0.68118304
0.7754892
0.8708739
0.5339869
0.22487281
0.81914496
0.9033787
0.7516005
0.45394346
0.879003
0.6429143
0.5503454
0.915797
0.62890136
0.9442531
0.15953144
0.742169
0.45625377
0.8599849
0.21705668
0.1489881
0.63713604
0.63286614
0.32127738
0.73144394
0.07729977
0.0733312
0.9474814
0.8787889
0.21064262
0.73342
0.16579615
0.58485556
0.8046782
0.73235285
0.7044991
0.86191463
0.21568516
0.64191496
0.841128
0.23932868
0.28090572
0.5099099
0.25975022
0.5846831
0.556473
0.9735621
0.046963923
0.5983884
0.97932315
0.9172628
0.73783755
0.72461843
0.532716
0.48335984
0.496536
0.27401698
0.5768917
0.52459645
0.41681558
0.98217416
0.7350353
0.5281496
0.9008441
0.74130255
0.69597495
0.015492176
0.92929673
0.49722838
0.34713626
0.63145185
0.92812395
0.74114996
0.17565486
0.93789136
0.849082
0.7560323
0.6425668
0.51731646
0.7414044
0.9673497
0.461259
0.6118315
0.64420485
0.700137
0.1115807
0.5690591
0.92634374
0.19112952
0.49823695
0.9827354
0.748985
0.6619147
0.49794108
0.574463
0.76678026
0.92873186
0.5530991
0.6933603
0.08044417
0.88500005
0.8517157
0.45339024
0.29051197
0.7057394
0.2355476
0.19832191
0.60294557
0.74869967
0.49772927
0.28676635
0.22945371
0.15217878
0.9492532
1.0
0.92879313
0.85443765
0.9121835
1.0
0.8926549
0.85702455
1.0000001
0.9159766
0.8659462
0.7919388
0.9550864
0.9225974
0.9819753
0.9266139
0.7900167
0.85657823
0.9643322
0.9048929
0.9647514
0.8813958
0.7770802
0.94169956
0.8784678
0.8838756
0.9110241
0.976081
0.9332917
0.90223265
0.8608364
0.874833
0.8590415
0.9685493
0.9840556
0.9565239
0.83013356
0.94636714
0.9044181
0.87018704
0.8883848
0.8450096
0.86225426
0.87758017
0.7546598
0.79487586
0.85203165
0.73264706
0.6797057
0.6435317
0.8135051
0.9351733
0.7869135
0.7349967
0.79254484
0.9752709
0.8676623
0.91160095
0.65597826
0.9127426
0.75032914
0.8839074
0.6736813
0.7592557
0.789483
0.8420417
0.619729
0.8031985
0.2889551
0.2985346
0.97819483
0.78340256
0.8596048
0.7421175
0.5389435
0.7272719
0.80497754
0.5942503
0.5411869
0.5114769
0.76855713
0.56574035
0.66195595
0.37224746
0.6302107
0.6547266
0.55130553
0.72571933
0.6958668
0.2553879
0.90832555
0.74783635
0.5346936
0.7140595
0.38134277
0.6927749
0.87817824
0.55872023
0.7296843
0.50310105
0.50821865
0.53151697
0.3884548
0.8938544
0.5482465
0.5644603
0.5554691
0.62788874
0.1316484
0.8064536
0.40800822
0.6334977
0.4085318
0.35360223
0.9732752
0.90482044
0.9269465
0.96525943
0.9561592
0.71001714
0.95472884
0.88644135
0.93883824
0.97128046
0.91621757
0.93952864
0.8019703
0.80540466
0.720048
0.94163734
0.9526433
0.88758445
0.8367146
0.73232514
0.67323035
0.7578023
0.6232747
0.84823245
0.659143
0.80400646
0.71781707
0.80005956
0.94509166
0.83207476
0.6810876
0.3997355
0.8675538
0.7304976
0.6080544
0.741349
0.43360358
0.5793359
0.7316055
0.6247541
0.7342929
0.6823994
0.444503
0.55467033
0.72829217
0.9146242
0.4919911
0.34797764
0.38628256
0.462163
0.7098802
0.71547484
0.7573667
0.6274509
0.40080106
0.6545605
0.4637078
0.26117614
0.6726198
0.47216988
0.48092157
0.5562941
0.123696715
0.5531622
0.70621026
0.5089719
0.44435748
0.38250062
0.5310304
0.56072867
0.91334313
0.5835967
0.61142755
0.23886602
0.3980242
0.4371481
0.39747566
0.38165396
0.6327289
0.36086985
0.12288297
0.34671813
0.86084026
0.4418018
0.52148646
0.34055215
0.12656277
0.72782797
-0.16666037
0.2964363
0.31065673
0.48347163
0.27163267
0.5360598
0.06813544
0.47570416
0.5720916
0.50357413
0.3149458
0.48235875
0.3459347
-0.03132698
0.42144662
0.054434642
0.4605595
0.089780726
0.0670305
0.35169834
0.4599207
0.40178174
0.4145818
0.37147018
0.29139966
0.46226248
0.3786967
0.13991679
0.3074727
0.24664658
0.35746276
0.8054646
0.74327224
0.18211576
0.26566303
0.42003426
0.54485
0.9080873
0.7818718
0.59674793
0.37666184
0.61467206
0.90769947
0.7124949
0.57949007
0.8759018
0.68390083
0.4263202
0.62208796
0.63941276
0.9399143
0.6712788
0.6382781
0.74818444
0.5427302
0.93291694
0.28632632
0.43904495
0.54190636
0.65127414
0.7812508
0.45455503
0.13145898
0.47266933
0.59390545
0.781291
0.26712775
0.37330437
0.9730735
0.4659779
0.75641525
0.44920847
0.78828645
0.42552644
0.6599107
0.8672532
0.27695692
0.959326
0.8875412
0.3116653
0.33461577
0.7117917
0.25847226
0.2581259
0.7738365
0.54629636
0.74916065
0.5204661
0.69516
0.5289253
0.75731623
0.321578
0.43609133
0.8899457
0.6734681
0.5006438
0.95531344
0.5955942
0.5086018
0.2496274
0.6893839
0.4256118
0.44963965
0.8547384
0.5934793
0.5536955
0.70588815
0.6810829
0.6685632
0.48422417
0.4603356
0.42116088
0.80219436
0.73029965
0.77384984
0.5064282
0.28587878
0.64076996
0.60587466
0.2870422
0.6803488
0.7759961
0.48331326
0.87137043
0.8421341
0.35214105
0.56716263
0.5426902
0.7866841
0.39317238
0.6711129
0.85688746
0.62087595
0.73223114
0.6262417
0.51675045
0.40094817
0.30639789
0.3491356
0.45281333
0.4973988
0.83028775
0.5983347
0.79508793
0.9114635
0.35081005
0.61482954
0.613533
0.4742175
0.5215546
0.33836538
0.31162024
0.691162
0.4055103
0.6107277
0.37543744
0.69637406
0.37170416
0.412888
0.78209686
0.7854614
0.7733906
0.50620425
0.8706299
0.8456474
0.21148711
0.5425925
0.47915074
0.81727004
0.9119097
0.6874049
0.5718769
0.71458304
0.45506325
0.58282894
0.484501
0.5821528
0.90500677
0.7581543
0.74177486
0.6206796
0.3184602
0.51173556
0.3325549
0.51624537
0.6024122
0.90913266
0.9047381
0.69684744
0.38555455
0.44223887
0.675115
0.9578596
0.74440396
0.49824232
0.5000272
0.60989046
0.43771005
0.53008926
0.457939
0.4002245
0.7870903
0.47542593
0.34795007
0.5878465
0.5082462
0.33683097
0.3181771
0.61885065
0.97987443
0.47493237
0.6251837
0.8155333
0.542606
0.7151164
0.32090703
0.6468755
0.8127782
0.74679416
0.33248308
0.33313435
0.45477337
0.9544098
0.50995255
0.7067162
0.43726173
0.5606998
0.76535594
0.5213808
0.6547629
0.345594
0.7428913
0.9576966
0.52806246
0.52514744
0.4745826
0.8301436
0.7623009
0.6187401
0.8619603
0.28181154
0.21725386
0.7267976
0.51578987
0.45366374
0.8356049
0.6911628
0.9186684
0.84243333
0.6689172
0.6193757
0.16080247
0.6913692
0.83073914
0.45581874
0.7821966
0.8466872
0.95639
0.5915684
0.35520095
0.74525505
0.5785266
0.53629225
0.7270603
0.88173103
0.016428802
0.24682686
0.3040544
0.53117156
0.48698664
0.42384642
0.619538
0.60919297
0.3130433
0.54164726
0.7401516
0.04629758
0.9413618
0.5343487
0.9258734
0.79704785
