0.45
0.72
0.65
0.61
0.80
0.80
0.63
0.52
0.75
0.75
0.72
0.65
0.63
0.90
0.63
0.67
0.49
0.80
0.68
0.58
0.57
0.71
0.58
0.55
0.65
0.34
0.49
0.60
0.56
0.44
0.72
0.65
0.59
0.62
0.75
0.88
0.87
0.72
0.60
0.52
0.83
0.71
0.65
0.52
0.45
0.50
0.46
0.69
0.36
0.45
0.59
0.40
0.86
0.57
0.55
0.35
0.32
0.80
0.65
0.65
0.41
0.62
0.58
0.82
0.43
0.43
0.42
0.63
0.78
0.60
0.58
0.73
0.94
0.79
0.54
0.53
0.69
0.67
0.70
0.83
0.71
0.67
0.65
0.54
0.75
0.52
0.27
0.55
0.52
0.74
0.61
0.65
0.64
0.58
0.56
0.48
0.72
0.64
0.47
0.69
0.74
0.71
0.46
0.71
0.64
0.72
0.56
0.88
0.56
0.71
0.36
0.48
0.44
0.67
0.50
0.78
0.71
0.62
0.64
0.44
0.61
0.77
0.69
0.60
0.89
0.80
0.81
0.31
0.89
0.52
0.57
0.41
0.80
0.47
0.82
0.53
0.25
0.63
0.39
0.72
0.59
0.63
0.59
0.45
0.85
0.72
0.38
0.50
0.86
0.88
0.52
0.71
0.50
0.52
0.57
0.83
0.41
0.51
0.61
0.35
0.60
0.42
0.52
0.67
0.55
0.43
0.53
0.42
0.64
0.46
0.68
0.55
0.58
0.64
0.72
0.71
0.53
0.64
0.44
0.79
0.55
0.68
0.67
0.52
0.82
0.89
0.58
0.69
0.61
0.44
0.45
0.65
0.75
0.67
0.53
0.50
0.65
0.69
0.43
0.63
0.53
0.75
0.57
0.55
0.80
0.12
0.80
0.74
0.64
0.89
0.43
0.48
0.40
0.61
0.64
0.48
0.60
0.86
0.14
0.53
0.53
0.68
0.32
0.22
0.84
0.75
0.90
0.57
0.57
0.65
0.93
0.50
0.83
0.56
0.73
0.71
0.60
0.72
0.70
0.70
0.11
0.29
0.89
0.47
0.76
0.61
0.29
1.00
0.46
0.75
0.22
0.39
0.87
0.76
0.50
0.68
0.95
0.43
0.21
0.62
0.87
0.59
0.50
0.13
0.74
0.92
0.60
0.82
0.83
0.15
1.00
0.75
0.46
0.56
0.89
0.27
0.60
0.21
0.29
0.35
0.76
0.76
0.52
0.80
0.75
0.35
0.86
0.65
0.94
0.95
0.67
0.80
0.76
0.30
0.88
0.58
0.68
0.74
0.77
0.67
0.69
0.63
0.82
0.77
0.54
0.56
0.37
0.67
0.86
0.14
0.55
0.77
0.33
0.76
0.59
0.29
0.95
0.61
0.42
0.57
0.16
0.94
0.11
0.89
0.21
0.47
0.67
0.55
0.24
0.33
0.57
0.67
0.50
0.36
0.49
0.94
0.93
0.85
0.64
0.27
0.50
0.44
0.50
0.31
0.80
0.25
0.74
0.80
0.33
0.15
0.58
0.77
0.60
0.70
0.63
0.60
0.76
0.35
0.17
0.06
0.53
0.86
0.75
0.67
0.65
0.83
0.14
0.48
0.46
0.58
0.75
0.59
0.76
0.51
0.20
0.19
0.86
0.56
0.57
0.19
0.47
0.14
0.60
0.62
0.66
0.71
0.27
0.29
0.43
0.60
0.83
0.15
0.66
0.29
0.78
0.51
0.19
0.85
0.31
0.69
0.24
0.42
0.93
0.21
0.53
0.41
0.19
0.69
0.24
0.41
0.86
0.42
0.44
0.95
0.30
0.32
0.85
0.44
0.30
0.59
0.24
0.57
0.23
0.53
0.63
0.16
0.72
0.78
0.19
0.36
0.58
0.15
0.43
0.33
0.29
0.25
0.39
0.42
0.91
0.73
0.49
0.70
0.37
0.36
0.40
0.26
0.73
0.23
0.36
0.72
0.31
0.27
0.27
0.19
0.29
0.20
0.39
0.17
0.29
0.46
0.25
0.40
0.27
0.26
0.68
0.42
0.71
0.29
0.26
0.91
0.25
0.89
0.73
0.24
0.18
0.59
0.17
0.38
0.38
0.77
0.29
0.19
0.94
0.78
0.36
1.00
0.29
0.18
0.42
0.20
0.59
0.26
0.44
0.77
0.20
0.82
0.85
0.38
0.38
0.25
0.33
0.31
0.40
0.53
0.95
0.48
0.80
0.23
0.19
0.93
0.14
0.53
0.22
0.53
0.70
0.51
0.81
0.24
0.38
0.12
0.87
1.00
0.27
0.55
0.52
0.16
0.62
0.39
0.83
0.57
0.45
0.48
0.36
0.47
0.58
0.22
0.60
0.38
0.35
0.93
0.32
0.43
0.25
0.35
0.63
0.28
0.27
0.41
0.33
0.45
0.15
0.78
0.36
0.29
0.43
0.41
0.60
0.24
0.29
0.19
0.64
0.18
0.27
0.25
0.26
0.17
0.26
0.14
0.21
0.44
0.97
0.17
0.30
0.22
0.41
0.53
0.28
0.74
0.56
0.26
0.40
0.75
0.19
0.22
0.33
0.24
0.16
0.28
0.82
0.32
0.21
0.90
0.85
0.27
0.37
0.34
0.12
0.50
0.21
0.42
0.26
0.26
0.82
0.61
0.25
0.71
0.31
0.24
0.15
0.36
0.38
0.21
0.31
0.68
0.19
0.24
0.62
0.47
0.33
0.20
0.24
0.33
0.60
0.25
0.45
0.46
0.39
0.29
0.29
0.78
0.16
0.30
0.75
0.32
0.35
0.45
0.29
0.50
0.57
0.24
0.34
0.21
0.65
0.56
0.35
0.32
0.27
0.29
0.19
0.22
0.36
0.41
0.28
0.18
0.21
0.48
1.00
0.54
0.93
0.74
1.00
0.81
0.90
0.67
0.89
0.94
0.90
0.71
0.93
0.95
0.71
0.67
0.81
0.84
0.73
0.78
0.91
0.40
0.74
0.79
0.87
0.86
0.86
0.76
0.74
0.49
0.50
0.69
0.69
0.94
0.88
0.65
0.80
0.63
0.84
0.79
0.69
0.87
0.37
0.76
0.71
0.81
0.61
0.35
0.62
0.68
0.65
0.60
0.79
0.55
0.50
0.57
0.71
0.41
0.67
0.59
0.85
0.38
0.67
0.59
0.56
0.72
0.72
0.40
0.51
0.98
0.65
0.59
0.65
0.46
0.56
0.55
0.61
0.62
0.51
0.65
0.50
0.63
0.50
0.36
0.40
0.47
0.60
0.71
0.50
0.79
0.51
0.60
0.56
0.39
0.37
0.50
0.51
0.65
0.36
0.42
0.53
0.25
0.49
0.57
0.18
0.33
0.65
0.29
0.38
0.42
0.52
0.49
0.35
0.88
0.67
1.00
0.86
0.80
0.67
0.92
0.81
0.89
0.91
0.81
0.80
0.74
0.62
0.74
0.75
0.73
0.73
0.77
0.64
0.68
0.60
0.83
0.73
0.79
0.83
0.60
0.65
0.64
0.67
0.69
0.58
0.69
0.73
0.62
0.62
0.50
0.80
0.48
0.53
0.58
0.59
0.69
0.55
0.55
0.80
0.50
0.32
0.69
0.40
0.95
0.52
0.69
0.50
0.71
0.56
0.52
0.48
0.50
0.61
0.68
0.61
0.47
0.39
0.44
0.40
0.47
0.46
0.57
0.65
0.73
0.58
0.72
0.48
0.50
0.51
0.57
0.80
0.61
0.57
0.48
0.35
0.59
0.44
0.46
0.37
0.21
0.54
0.44
0.35
0.60
0.59
0.49
0.55
0.31
0.61
0.58
0.56
0.32
0.45
0.42
0.34
0.56
0.55
0.44
0.33
0.36
0.67
0.39
0.45
0.45
0.34
0.31
0.54
0.40
0.48
0.35
0.36
0.48
0.89
0.43
0.21
0.33
0.63
0.43
0.62
0.73
0.62
0.45
0.48
0.89
0.74
0.69
0.80
0.44
0.48
0.50
0.43
0.89
0.50
0.60
0.35
0.42
0.61
0.55
0.21
0.33
0.73
0.87
0.44
0.33
0.50
0.67
0.28
0.36
0.38
0.67
0.25
0.82
0.67
1.00
0.58
0.48
0.50
0.43
0.57
1.00
0.50
0.48
0.48
0.53
0.29
0.40
0.43
0.56
0.50
0.56
0.62
0.88
0.18
0.52
0.79
0.52
0.62
1.00
0.43
0.52
0.43
0.67
0.61
0.52
0.37
0.62
0.67
0.86
0.82
0.78
0.71
0.70
0.31
0.62
0.59
0.76
0.39
0.47
0.63
0.50
0.35
0.67
0.56
0.69
0.43
0.67
0.53
0.44
0.76
0.54
0.62
0.48
0.88
0.67
0.64
0.35
0.62
0.41
0.29
0.62
0.38
0.48
0.90
0.42
0.90
0.86
0.55
0.58
0.56
0.37
0.67
0.62
0.54
0.50
0.61
0.83
0.45
0.50
0.79
0.70
0.76
0.57
0.71
0.34
0.78
1.00
0.43
0.67
0.44
0.60
0.55
0.61
0.46
0.57
0.75
0.32
0.22
0.67
1.00
0.50
0.80
0.29
0.30
0.63
0.42
0.48
0.65
1.00
0.88
0.70
0.25
0.54
0.74
1.00
0.44
0.20
0.75
0.43
0.26
0.56
0.47
0.29
0.86
0.71
0.40
0.38
0.67
0.55
0.29
0.67
1.00
0.50
0.50
0.57
0.55
0.50
0.40
0.67
0.88
0.78
0.44
0.57
0.61
0.88
0.24
0.78
0.62
0.67
0.73
0.61
0.50
0.70
0.80
0.80
0.47
0.17
0.47
0.36
0.40
0.60
0.80
0.35
0.55
0.73
0.64
0.86
0.33
0.36
0.50
0.86
0.67
0.40
0.33
0.72
0.68
0.50
0.75
0.67
0.94
0.30
0.83
0.47
0.29
0.48
0.90
0.83
0.13
0.56
0.61
0.35
0.74
0.35
0.80
0.45
0.61
0.37
0.43
0.33
0.75
0.43
0.78
0.83
